##FastQC	0.10.1
>>Basic Statistics	pass
#Measure	Value
Filename	ExampleSample_ATCGTC_L005_R1_001.fastq.gz
File type	Conventional base calls
Encoding	Sanger / Illumina 1.9
Total Sequences	22068720
Filtered Sequences	5853084
Sequence length	36
%GC	48
>>END_MODULE
>>Per base sequence quality	pass
#Base	Mean	Median	Lower Quartile	Upper Quartile	10th Percentile	90th Percentile
1	30.66643008747222	31.0	31.0	34.0	27.0	34.0
2	31.186220723268047	31.0	31.0	34.0	28.0	34.0
3	31.29221336806122	31.0	31.0	34.0	28.0	34.0
4	35.131119611830684	37.0	35.0	37.0	32.0	37.0
5	35.196831488187804	37.0	35.0	37.0	32.0	37.0
6	35.22352778049656	37.0	35.0	37.0	32.0	37.0
7	35.21093688261032	37.0	35.0	37.0	32.0	37.0
8	35.190465282988775	37.0	35.0	37.0	32.0	37.0
9	36.78260841589363	39.0	37.0	39.0	32.0	39.0
10	36.77390546438579	39.0	37.0	39.0	32.0	39.0
11	36.83313513425337	39.0	37.0	39.0	32.0	39.0
12	36.80740056514379	39.0	37.0	39.0	32.0	39.0
13	36.697590073189566	39.0	35.0	39.0	32.0	39.0
14	37.94703140916193	40.0	37.0	41.0	33.0	41.0
15	37.73189641266009	40.0	37.0	41.0	32.0	41.0
16	37.84595418311529	40.0	37.0	41.0	32.0	41.0
17	37.80885171410032	40.0	37.0	41.0	32.0	41.0
18	37.80492375633929	40.0	37.0	41.0	32.0	41.0
19	37.78560106793688	40.0	37.0	41.0	32.0	41.0
20	37.69205323190471	40.0	37.0	41.0	32.0	41.0
21	37.628639540489885	40.0	37.0	41.0	32.0	41.0
22	37.48489010690244	39.0	36.0	41.0	32.0	41.0
23	37.36519485498026	39.0	36.0	41.0	31.0	41.0
24	37.39972866573141	39.0	36.0	41.0	32.0	41.0
25	37.31465599273542	39.0	36.0	41.0	31.0	41.0
26	37.197139254111704	39.0	36.0	41.0	31.0	41.0
27	37.288276846142416	39.0	36.0	41.0	31.0	41.0
28	37.08652223599738	39.0	36.0	41.0	31.0	41.0
29	37.094155302165234	39.0	36.0	41.0	31.0	41.0
30	37.061737336827875	39.0	36.0	41.0	31.0	41.0
31	36.95717776110259	39.0	36.0	41.0	31.0	41.0
32	36.70828570936602	39.0	36.0	41.0	30.0	41.0
33	36.69420056985634	39.0	36.0	41.0	30.0	41.0
34	36.19923534305569	39.0	35.0	41.0	30.0	41.0
35	35.81289508408281	39.0	35.0	40.0	29.0	41.0
36	35.147138302538615	38.0	34.0	40.0	27.0	41.0
>>END_MODULE
>>Per sequence quality scores	pass
#Quality	Count
2	14614.0
3	156.0
4	439.0
5	437.0
6	782.0
7	1200.0
8	1495.0
9	1732.0
10	2042.0
11	2644.0
12	3198.0
13	4077.0
14	4913.0
15	6322.0
16	8106.0
17	10335.0
18	13811.0
19	17980.0
20	23250.0
21	29042.0
22	36658.0
23	47974.0
24	64580.0
25	90186.0
26	130018.0
27	188677.0
28	269250.0
29	373937.0
30	500673.0
31	650485.0
32	820392.0
33	1027351.0
34	1295093.0
35	1652536.0
36	2133832.0
37	2818623.0
38	4685817.0
39	5136063.0
>>END_MODULE
>>Per base sequence content	warn
#Base	G	A	T	C
1	25.139429012478836	16.29801519207439	33.76759739231757	24.794958403129204
2	27.245612794942343	37.78810008011339	11.430839668091307	23.535447456852957
3	15.356203982988504	27.973032278206983	32.505298817029896	24.16546492177462
4	20.34860561831206	26.874680798322547	24.65126522821419	28.125448355151207
5	31.506811450777388	25.991584468877214	24.063792553442156	18.437811526903236
6	31.19229842056993	25.78997785100359	23.064609093776166	19.95311463465031
7	21.332052787837263	33.51075640091496	24.136084920194737	21.02110589105304
8	19.905218789309032	33.77188164968336	24.590755603406087	21.73214395760153
9	29.799344955212625	23.45836550556625	24.663229222175094	22.079060317046025
10	22.61075857593916	32.84637713469563	22.640144059102656	21.902720230262563
11	30.665837135289216	25.01924333053827	22.48257655587544	21.832342978297074
12	22.49597428764286	24.05012401586649	22.742660189275547	30.711241507215103
13	21.89257823890235	32.69000918361276	22.73634956581182	22.68106301167307
14	21.52328407894019	24.980288696732128	22.819716885871465	30.67671033845622
15	21.571042634099307	33.04965127112039	23.06241594437738	22.316890150402923
16	21.96713159573587	24.938076243920623	22.663344793168562	30.43144736717494
17	30.99240323721449	23.993479568755056	22.579512616161722	22.434604577868733
18	22.750268491254737	23.9275790238378	31.61096248173147	21.711190003175993
19	22.43464505417623	23.80105416172755	23.224577592175713	30.53972319192051
20	22.567074859203732	23.500152184627662	31.37573045562632	22.557042500542288
21	31.165617839313697	23.744593920449173	23.053180356932547	22.036607883304583
22	22.59372541769527	32.47475159411148	22.86081838910458	22.070704599088664
23	21.448502677092282	33.08413899854636	23.336029457077707	22.13132886728365
24	21.92226169353501	24.468981547689932	22.829941779058405	30.77881497971665
25	21.528876840839214	23.815403292749256	32.288935749687866	22.366784116723657
26	21.804989143004217	23.902269819001738	24.06831025995164	30.224430778042404
27	22.126196145688837	24.085407244637523	22.725381462467496	31.063015147206148
28	22.060406404766848	33.32668994842268	22.73393053103938	21.87897311577109
29	31.289186771184056	24.892580758824092	22.888504573360827	20.929727896631025
30	22.886496800769056	23.788928923172918	31.97862481894512	21.345949457112905
31	21.978715543582176	23.990856196580353	23.527371798627694	30.503056461209777
32	21.923337351550238	33.02018187691586	22.99463932134351	22.061841450190386
33	21.864970229881774	25.38193165221324	23.02731219720647	29.72578592069851
34	30.49388402111304	24.703100715969516	23.09157795780709	21.711437305110355
35	23.535313256178576	24.993597121650158	30.94214299308507	20.5289466290862
36	23.11010934913117	25.1467612163868	31.491148696720337	20.25198073776169
>>END_MODULE
>>Per base GC content	warn
#Base	%GC
1	49.934387415608036
2	50.781060251795296
3	39.521668904763125
4	48.47405397346326
5	49.94462297768062
6	51.14541305522023
7	42.3531586788903
8	41.63736274691056
9	51.878405272258654
10	44.51347880620172
11	52.49818011358629
12	53.207215794857966
13	44.57364125057542
14	52.19999441739641
15	43.887932784502226
16	52.39857896291081
17	53.42700781508323
18	44.46145849443073
19	52.97436824609674
20	45.124117359746016
21	53.20222572261828
22	44.66443001678393
23	43.57983154437593
24	52.70107667325167
25	43.89566095756287
26	52.029419921046625
27	53.18921129289499
28	43.93937952053793
29	52.218914667815085
30	44.23244625788196
31	52.48177200479195
32	43.985178801740624
33	51.59075615058028
34	52.2053213262234
35	44.064259885264775
36	43.36209008689286
>>END_MODULE
>>Per sequence GC content	fail
#GC Content	Count
0	2395.0
1	3390.0
2	4385.0
3	4385.0
4	5854.5
5	7324.0
6	7324.0
7	10978.5
8	14633.0
9	14633.0
10	22714.0
11	30795.0
12	30795.0
13	46612.0
14	62429.0
15	89389.5
16	116350.0
17	116350.0
18	157629.0
19	198908.0
20	198908.0
21	256849.0
22	314790.0
23	314790.0
24	389875.0
25	464960.0
26	554588.0
27	644216.0
28	644216.0
29	745388.5
30	846561.0
31	846561.0
32	949850.5
33	1053140.0
34	1053140.0
35	1149402.0
36	1245664.0
37	1245664.0
38	1312383.5
39	1379103.0
40	1409107.0
41	1439111.0
42	1439111.0
43	1436071.0
44	1433031.0
45	1433031.0
46	1419115.5
47	1405200.0
48	1405200.0
49	1422120.0
50	1439040.0
51	2273940.5
52	3108841.0
53	3108841.0
54	2327790.5
55	1546740.0
56	1546740.0
57	1385030.5
58	1223321.0
59	1223321.0
60	1118984.0
61	1014647.0
62	1014647.0
63	916436.5
64	818226.0
65	727635.5
66	637045.0
67	637045.0
68	559808.5
69	482572.0
70	482572.0
71	422576.5
72	362581.0
73	362581.0
74	314258.0
75	265935.0
76	228265.0
77	190595.0
78	190595.0
79	161607.0
80	132619.0
81	132619.0
82	109379.0
83	86139.0
84	86139.0
85	68805.5
86	51472.0
87	51472.0
88	39411.0
89	27350.0
90	19965.0
91	12580.0
92	12580.0
93	8544.5
94	4509.0
95	4509.0
96	2891.0
97	1273.0
98	1273.0
99	756.5
100	240.0
>>END_MODULE
>>Per base N content	pass
#Base	N-Count
1	0.22001276014195656
2	0.0
3	5.21099547232463E-4
4	0.008836035800898286
5	0.0
6	0.0
7	0.0
8	0.0
9	0.0
10	0.0
11	1.5859551437509743E-4
12	0.0026100290365730318
13	2.854719258751754E-4
14	7.431332673575993E-4
15	0.0
16	2.2203372012513642E-4
17	0.0010920433989828136
18	1.4047031273222915E-4
19	0.0
20	5.93600353803936E-4
21	0.003357693604341348
22	0.0
23	0.0
24	0.00168564375278675
25	2.2203372012513642E-4
26	0.0
27	0.0034256631105021047
28	0.007503833480147467
29	2.1750241971441934E-4
30	6.117255554468044E-4
31	0.003983013061020304
32	2.673467242323071E-4
33	0.0058453775298250195
34	0.0020934607897512857
35	0.002356276213572876
36	2.2203372012513642E-4
>>END_MODULE
>>Sequence Length Distribution	pass
#Length	Count
36	2.206872E7
>>END_MODULE
>>Sequence Duplication Levels	pass
#Total Duplicate Percentage	19.986675849527124
#Duplication Level	Relative count
1	100.0
2	5.95436338269049
3	1.8244520455466042
4	0.9592015842297134
5	0.58789774517305
6	0.40787164138800125
7	0.2942301633736892
8	0.22784553760295242
9	0.19465322471758406
10++	2.0657995409334355
>>END_MODULE
>>Overrepresented sequences	fail
#Sequence	Count	Percentage	Possible Source
GATCGGAAGAGCACACGTCTGAACTCCAGTCACGTT	1524786	6.909263428055637	TruSeq Adapter, Index 9 (97% over 36bp)
AGATCGGAAGAGCACACGTCTGAACTCCAGTCACGT	156585	0.7095336748121323	TruSeq Adapter, Index 1 (97% over 35bp)
GATCGGAAGAGCACACGTCTGAACTCCAGTCACGTG	87331	0.3957229961683324	TruSeq Adapter, Index 1 (97% over 35bp)
GATCGGAAGAGCACACGTCTGAACTCCAGTCACGGT	56429	0.2556967508763535	TruSeq Adapter, Index 9 (97% over 36bp)
GATCGGAAGAGCACACGTCTGAACTCCAGTCACCGT	27606	0.1250910791382554	TruSeq Adapter, Index 12 (97% over 36bp)
>>END_MODULE
>>Kmer Content	fail
#Sequence	Count	Obs/Exp Overall	Obs/Exp Max	Max Obs/Exp Position
CACGT	4377690	6.5824566	95.451096	14
GGAAG	3618585	5.101313	91.390785	5
TCCAG	3287230	4.9428005	95.96873	25
CTCCA	3242770	4.8380055	95.331085	24
GTCTG	2803060	4.602074	104.79386	17
TCTGA	3009320	4.4090457	93.58877	18
CACAC	3153375	4.3425064	88.20341	12
GATCG	2858090	4.331235	91.47836	1
CCAGT	2868680	4.313453	95.07799	26
AGAGC	3067195	4.2903404	89.799355	8
ACTCC	2875430	4.289958	95.090454	23
GAAGA	3383035	4.25603	81.069824	6
ATCGG	2782695	4.2169785	94.53416	2
CTGAA	3081260	4.1669583	86.40019	19
TCGGA	2748005	4.164409	95.799576	3
GAGCA	2944670	4.118955	89.53739	9
AAGAG	3268695	4.1121845	81.02729	7
CAGTC	2729675	4.10444	94.78799	27
GTCAC	2674025	4.0207634	94.48114	29
GCACA	2888255	4.008604	88.86851	11
AGCAC	2866455	3.9783475	88.98351	10
CGGAA	2788020	3.8998358	89.38302	4
CGTCT	2393765	3.8995094	103.316635	16
AGTCA	2813460	3.8047976	85.352165	28
AACTC	2832995	3.8014019	85.25563	22
TGAAC	2775910	3.7540166	85.97947	20
GAACT	2773495	3.7507508	85.957146	21
TTTTT	2415510	3.6119692	4.3224263	3
ACGTC	2355840	3.5423281	95.25059	15
TCACG	2296220	3.4526813	89.52705	30
ACACG	2386940	3.3128293	87.93803	13
ACGTT	1794420	2.6290588	75.9264	32
AGATC	1482330	2.0046368	7.806128	1
TGTTT	1215210	1.8795165	5.2947707	1
TATTT	1339760	1.8491699	5.2176437	1
ACGTG	375145	0.5685059	6.3149967	32
>>END_MODULE
