##FastQC	0.10.1
>>Basic Statistics	pass
#Measure	Value	
Filename	DS23429_CCTTCA_L008_R1_001.fastq.gz	
File type	Conventional base calls	
Encoding	Sanger / Illumina 1.9	
Total Sequences	30453125	
Filtered Sequences	1184770	
Sequence length	36	
%GC	41	
>>END_MODULE
>>Per base sequence quality	pass
#Base	Mean	Median	Lower Quartile	Upper Quartile	10th Percentile	90th Percentile
1	32.807493779374035	34.0	31.0	34.0	31.0	34.0
2	33.065518333504365	34.0	33.0	34.0	31.0	34.0
3	33.12598368804515	34.0	33.0	34.0	31.0	34.0
4	36.49094002668035	37.0	37.0	37.0	35.0	37.0
5	36.42830294099538	37.0	37.0	37.0	35.0	37.0
6	36.42625306926629	37.0	37.0	37.0	35.0	37.0
7	36.4079637804002	37.0	37.0	37.0	35.0	37.0
8	36.39819240225757	37.0	37.0	37.0	35.0	37.0
9	38.19290598255515	39.0	39.0	39.0	37.0	39.0
10	38.21874733709595	39.0	39.0	39.0	37.0	39.0
11	38.21914562134428	39.0	39.0	39.0	37.0	39.0
12	38.22576310312981	39.0	39.0	39.0	37.0	39.0
13	38.22229331144177	39.0	39.0	39.0	37.0	39.0
14	39.82202828116983	41.0	40.0	41.0	38.0	41.0
15	39.817849071318626	41.0	40.0	41.0	38.0	41.0
16	39.80825353719856	41.0	40.0	41.0	38.0	41.0
17	39.78097518727552	41.0	40.0	41.0	37.0	41.0
18	39.784080320164186	41.0	40.0	41.0	37.0	41.0
19	39.81357854079015	41.0	40.0	41.0	38.0	41.0
20	39.794428847614164	41.0	40.0	41.0	38.0	41.0
21	39.76180083324782	41.0	40.0	41.0	37.0	41.0
22	39.738227094920475	41.0	40.0	41.0	37.0	41.0
23	39.69917474807593	41.0	40.0	41.0	37.0	41.0
24	39.6875434951257	41.0	40.0	41.0	37.0	41.0
25	39.632880205233455	41.0	40.0	41.0	37.0	41.0
26	39.58473026988199	41.0	40.0	41.0	37.0	41.0
27	39.51738493175988	41.0	40.0	41.0	37.0	41.0
28	39.46420313186249	41.0	40.0	41.0	37.0	41.0
29	39.41741995279631	41.0	40.0	41.0	37.0	41.0
30	39.38388654694715	41.0	40.0	41.0	36.0	41.0
31	39.33176352180605	41.0	40.0	41.0	36.0	41.0
32	39.29605654592098	41.0	40.0	41.0	36.0	41.0
33	39.24669310620831	41.0	39.0	41.0	36.0	41.0
34	39.16876642380708	41.0	39.0	41.0	36.0	41.0
35	39.12090371677783	41.0	39.0	41.0	36.0	41.0
36	39.070855946639306	41.0	39.0	41.0	36.0	41.0
>>END_MODULE
>>Per sequence quality scores	pass
#Quality	Count
2	112.0
3	6.0
4	8.0
5	25.0
6	32.0
7	45.0
8	43.0
9	65.0
10	91.0
11	117.0
12	152.0
13	263.0
14	316.0
15	502.0
16	726.0
17	1187.0
18	1835.0
19	2889.0
20	4497.0
21	6565.0
22	9394.0
23	13239.0
24	18403.0
25	26719.0
26	39581.0
27	58069.0
28	85729.0
29	123994.0
30	176753.0
31	243401.0
32	327754.0
33	437311.0
34	601712.0
35	841442.0
36	1222448.0
37	2009238.0
38	4995920.0
39	1.9202542E7
>>END_MODULE
>>Per base sequence content	fail
#Base	G	A	T	C
1	23.82815989725655	17.997184140626015	35.57521524977585	22.599440712341583
2	24.252831195484863	31.47725233453053	17.88725787583376	26.382658594150847
3	13.009308568496664	25.74390641354541	37.29055392508979	23.956231092868137
4	17.544442483324783	30.0475763981529	33.11996387891226	19.288017239610056
5	20.255077270395073	28.16094899948692	33.34734940995382	18.23662432016419
6	22.441673884043098	28.780031605951773	29.418255105182144	19.360039404822988
7	20.704348075936377	28.818218163160598	29.280518830169317	21.19691493073371
8	20.218890507952796	29.31037126731657	28.961789635710623	21.50894858902001
9	20.066216521292972	27.986881477680864	30.871390046177527	21.07551195484864
10	20.64088660851719	28.809913596716264	29.93319076449461	20.616009030271933
11	20.480745407901487	28.269693175987687	29.390448435094918	21.859112981015905
12	20.374247306310927	28.42016706003079	29.73688250384813	21.46870312981016
13	20.18039199589533	28.725180092355053	29.778792816829142	21.31563509492047
14	19.92433288866085	29.184377629553616	29.685075012827088	21.20621446895844
15	20.0856266803489	28.899516880451515	30.26819743458184	20.746659004617754
16	20.44055248845562	29.157405028219603	29.627353514622882	20.7746889687019
17	20.155074397126732	29.046989430477165	29.458625346331452	21.339310826064647
18	20.418679527963057	29.224695330938943	29.487229964084143	20.869395177013853
19	20.7567663417137	29.030567470497694	29.34074910210364	20.871917085684967
20	21.161030271934326	28.94048804515136	28.868275423293998	21.030206259620318
21	20.92825941508466	29.127299743458185	28.736518830169317	21.207922011287838
22	20.764749102103643	28.944054181631607	28.873302821959978	21.417893894304772
23	20.541570035915854	28.897917701385328	29.099575166752178	21.46093709594664
24	20.473186249358648	28.921153412006156	29.381382042072858	21.22427829656234
25	20.421139045664443	28.94355505387378	29.66183273473576	20.973473165726013
26	20.50472324268856	29.1995025141098	29.41030518214469	20.885469061056952
27	20.492583273473578	29.194028527449973	29.3275090815803	20.98587911749615
28	20.653328681375065	29.526227603899436	29.089832324268855	20.730611390456644
29	20.815748794253462	28.965444433042585	29.2499899435608	20.96881682914315
30	20.90554910210364	28.74789040533607	29.192245459209854	21.154315033350436
31	20.936774140584916	28.879502514109802	28.82429307337096	21.359430271934325
32	20.82693538398713	29.102206516331318	28.77087425894696	21.299983840734598
33	20.63406217205722	29.19800419674817	29.162201604289773	21.005732026904845
34	20.5721779465986	29.166905150492077	29.299566190943565	20.961350711965753
35	20.5377957247938	29.022624326806284	29.51062286190102	20.928957086498897
36	20.66723437215906	28.898716593220534	29.495237606030955	20.938811428589446
>>END_MODULE
>>Per base GC content	warn
#Base	%GC
1	46.42760060959814
2	50.63548978963571
3	36.96553966136481
4	36.83245972293484
5	38.491701590559266
6	41.80171328886608
7	41.901263006670085
8	41.72783909697281
9	41.14172847614161
10	41.25689563878912
11	42.33985838891739
12	41.84295043612109
13	41.4960270908158
14	41.13054735761929
15	40.83228568496665
16	41.21524145715752
17	41.49438522319138
18	41.288074704976914
19	41.62868342739866
20	42.191236531554644
21	42.1361814263725
22	42.18264299640842
23	42.002507131862494
24	41.69746454592099
25	41.39461221139046
26	41.39019230374551
27	41.478462390969725
28	41.38394007183171
29	41.78456562339662
30	42.05986413545408
31	42.29620441251924
32	42.126919224721725
33	41.639794198962065
34	41.53352865856436
35	41.46675281129269
36	41.60604580074851
>>END_MODULE
>>Per sequence GC content	pass
#GC Content	Count
0	5869.0
1	6683.5
2	7498.0
3	7498.0
4	10923.0
5	14348.0
6	14348.0
7	22789.0
8	31230.0
9	31230.0
10	50873.5
11	70517.0
12	70517.0
13	110299.0
14	150081.0
15	220992.0
16	291903.0
17	291903.0
18	396935.5
19	501968.0
20	501968.0
21	651601.0
22	801234.0
23	801234.0
24	989539.0
25	1177844.0
26	1384488.5
27	1591133.0
28	1591133.0
29	1791116.5
30	1991100.0
31	1991100.0
32	2192807.0
33	2394514.0
34	2394514.0
35	2543155.0
36	2691796.0
37	2691796.0
38	2743773.0
39	2795750.0
40	2763932.5
41	2732115.0
42	2732115.0
43	2629739.0
44	2527363.0
45	2527363.0
46	2385663.0
47	2243963.0
48	2243963.0
49	2097117.5
50	1950272.0
51	1786518.5
52	1622765.0
53	1622765.0
54	1492669.5
55	1362574.0
56	1362574.0
57	1229197.5
58	1095821.0
59	1095821.0
60	956599.5
61	817378.0
62	817378.0
63	690347.0
64	563316.0
65	464095.0
66	364874.0
67	364874.0
68	301093.0
69	237312.0
70	237312.0
71	195697.5
72	154083.0
73	154083.0
74	127991.5
75	101900.0
76	84759.5
77	67619.0
78	67619.0
79	56103.0
80	44587.0
81	44587.0
82	35649.0
83	26711.0
84	26711.0
85	20283.5
86	13856.0
87	13856.0
88	10191.0
89	6526.0
90	4495.5
91	2465.0
92	2465.0
93	1578.5
94	692.0
95	692.0
96	405.5
97	119.0
98	119.0
99	74.0
100	29.0
>>END_MODULE
>>Per base N content	pass
#Base	N-Count
1	0.24223129810159055
2	0.0
3	0.0
4	0.0
5	0.0
6	0.0
7	0.0
8	0.0
9	0.0
10	0.0
11	0.0
12	0.0
13	0.0
14	0.0
15	0.0
16	0.0
17	0.0
18	0.0
19	0.0
20	0.0
21	0.0
22	0.0
23	0.0
24	0.0
25	0.0
26	0.0
27	0.0
28	0.0
29	0.0
30	0.0
31	0.0
32	2.6269881990764493E-5
33	7.552591072344793E-5
34	0.0010704976911236532
35	0.006597024114930733
36	0.017774858902001027
>>END_MODULE
>>Sequence Length Distribution	pass
#Length	Count
36	3.0453125E7
>>END_MODULE
>>Sequence Duplication Levels	warn
#Total Duplicate Percentage	28.781075971043457
#Duplication Level	Relative count
1	100.0
2	13.815455761160994
3	2.216059182745832
4	0.7503244379154288
5	0.4591537605154116
6	0.32937859434391076
7	0.2648203898525043
8	0.23122377322942536
9	0.20092094254978557
10++	13.48410089525102
>>END_MODULE
>>Overrepresented sequences	pass
>>END_MODULE
>>Kmer Content	pass
>>END_MODULE
